%YAML:1.0
---
rotation: !!opencv-matrix
   rows: 3
   cols: 3
   dt: d
   data: [ 9.9999877528156433e-01, -1.4335210939984643e-03,   6.2805465087220418e-04, 
            1.4366074439919297e-03, 9.9998675846191487e-01, -4.9415645178133762e-03,
            -6.2096249748896622e-04, 4.9424607337748890e-03, 9.9998759316677110e-01 ]
translation: !!opencv-matrix
   rows: 3
   cols: 1
   dt: d
   data: [ -3.1967726052338725e-02, -4.8644054452110209e-02, 2.4817928458785964e-03 ]
width: 640
height: 480 
fx: 599.5924
fy: 599.7701
px: 314.1146
py: 244.0743
campose_path: "opt_pose1.txt"
associations: "associations_tof.txt"
cloud_path: "pointcloud_structual.ply"
#frame_select_path: "/home/txt/Desktop/FramesSelect/library10.txt"
ws_folder: "/media/txt/data2/data2/photobooth5/out/"
depth_out_path: "projectDepth"
pseudocolor_out_path: "projectPseudocolor"
frame_name: "frame_new_"
